cle <- 23
cle