cle <- 23
cle

test <- 2323
