cle <- 23
cle

test <- 23