cle <- 23
cle

test <- 232323