cle <- 23
cle

test <- 222323
